 1282958 2017 100000.000
 1267939 2016 100000.000
 1254861 2015 100000.000
 1201479 2014 100000.000
 1146444 2013 100000.000
 1086234 2012 100000.000
 1018488 2011 100000.000
 940638 2010 100000.000
 875907 2009 99999.990
 835570 2008 100000.010
 785177 2007 100000.000
 748218 2006 100000.000
 699252 2005 100000.000
 638533 2004 100000.000
 593432 2003 100000.000
 564446 2002 100000.000
 546611 2001 99999.990
 531663 2000 100000.000
 493225 1999 100000.000
 473980 1998 100000.000
 455794 1997 100000.000
  458247 1996 100000.000
  448684 1995 100000.010
  437953 1994 100000.000
  426992 1993 100000.000
  417514 1992 100000.000
  412791 1991 100000.000
  410468 1990 100000.000
  402322 1989 100000.000
  386607 1988 100000.000
  367597 1987 100000.000
  349296 1986 100000.000
  334941 1985 100000.000
  317944 1984 100000.000
  309174 1983 100000.000
  295334 1982 100000.000
  283307 1981 100000.000
  280377 1980 100000.000